4211203
4211203
4265960
4265974
4265974
4265974
4265974
4265974
4265974
4477752
4477752
4513687
4513694
4513694
4513694
4513694
4513694
4513694
4513694
4513694
5562855
5942210
5942211
6255761
6447318
6447335
6447335
6447335
6447335
6648053
6648053
6648053
6648053
6648053
6648053
6648053
6648053
6648053
6648053
6648053
6648053
6648053
6648053
6648053
6648053
6648053
6648053
6648053
6648053
6648090
6708178
7456403
7456413
7456439
7539172
7539189
7539192
7613452
7625329
7625330
8533290
8795006
8795011
8795014
8795017
8795019
8795019
8795019
8795019
8795041
8795042
8795043
8795045
8795046
9031238
9423876
9423885
9423889
9423890
9423894
9423894
9520966
9571255
9571277
9571281
9571281
9571281
9571281
9571281
9571281
9571281
9571281
9571281
9571281
9571281
9571281
9571281
9571281
9571281
9571281
9571281
9571281
9571281
9571281
9822209
9829572
9829574
9829575
9829576
9829577
9829578
9829579
9829580
9829581
10004852
10004852
10004853
10033507
10033508
10033515
10174416
10174417
10174428
10174429
10174430
10174432
10174439
10674254
10674255
10674257
10674872
10674874
10674875
11048308
11096259
11103518
11103519
11103521
11242556
11311857
11311858
11311864
11311880
11473758
11473758
11551014
11651180
11651181
11651186
11651187
11686076
11686076
11686076
11686076
11686076
11686076
11686076
11686076
11686076
11686076
11736153
11767208
11767208
11767208
11767208
11767208
11767208
11767208
11767208
11767208
11767208
11767208
11767208
11767209
11767209
11767209
11767209
11767209
11767209
11767209
11767209
11767209
11767209
11767209
11767209
11846751
11846751
11846751
11846751
11846751
11846751
11846751
11846751
11846751
11846751
11846751
11846751
11855107
11855110
11855110
11855123
11855123
11855123
11855140
12028201
12028202
12028203
12028209
12107874
12107874
12107875
12143636
12143637
12143638
12161059
12161061
12161062
12161064
12161066
12176123
12260614
12278663
12278664
12284916
12284938
12284939
12284940
12284941
12284942
12284944
12305058
12375103
12375105
12375112
12375113
16598679
16598679
16903953
21726205
22823553
23049419
23049428
23049429
23049430
23049431
23049432
23049436
23049437
23049439
23049440
23049441
23049442
23049443
23049444
23049448
23049449
23871125
23914214
23914220
23914221
23914222
23914224
23914226
23914227
23914228
23914229
23914230
23914231
23914232
23914244
23914245
24357908
24357910
24357912
24357912
24357912
24357912
24357912
24357912
24357912
24357912
24357912
24357921
24357940
24452010
24452024
24452026
24452033
24819640
24931395
25407778
25407778
25407778
25407778
25877690
26095613
27862705
27862706
27862706
28025857
28025868
28025881
28241258
28241258
28241258
28241258
28241258
28241258
28241258
28241290
28241291
28458815
28971336
29368736
29368736
29368736
29368736
29368736
29368736
29368736
29368736
29368736
29368736
29368736
29368736
29368736
29368736
29368736
29368736
29368736
29368736
29368736
29368736
29368736
29368736
29368736
29368736
29368736
29368736
29368736
29368736
29368736
29368736
29368736
29368736
29368736
29368736
29368736
29368736
29368736
29368736
29368736
29368736
29368736
29368736
29368736
29368736
29368736
29368736
29368736
29368736
29368736
29368736
29368736
29368736
29368736
29368736
29368736
29368736
29368736
29368736
29368736
29368736
29368736
29368736
29368736
29368736
29368736
29368736
29368736
29368736
29368736
29368736
29368736
29368736
29368736
29368736
29368736
29368736
29368736
29368736
29368736
29368736
29368736
29368736
29368736
29368736
29368736
29368736
29368736
29368736
29368736
29368736
29368736
29368736
29368736
29368736
29368736
29368736
29368736
29368736
29368736
29852953
29852953
29852953
29852953
29852953
29852953
29852953
29852953
29852953
29852953
29852953
29852953
29852953
29852953
29852953
29852953
29852953
29852953
29852953
29852953
29852953
29852953
29852953
29852953
29852953
29852953
29852953
29852953
29852953
29852953
29852953
29852953
29852953
29852953
29852953
29852953
29852953
29852953
29852953
29852953
29852953
29852953
29852953
29852953
29852953
29852953
29852953
29852953
29852953
29852953
29852953
29852953
29852953
29852953
29852953
29852953
29852953
29852953
29852953
29852953
29852953
29852953
29852953
29852953
29852953
29852953
29852953
29852953
29852953
29852953
29852953
29852953
29852953
29852953
29852953
29852953
29852953
29852953
29852953
29852953
29852953
29852953
29852953
29852953
29852953
29852953
29852953
29852953
29852953
29852953
29852953
29852953
29852953
29852953
29852953
29852953
29852953
29852953
29852953
29852956
29852956
29852956
29852956
29852956
29852956
29852956
29852956
29852956
29852956
29852956
29852956
29852956
29852956
29852956
29852956
29852956
29852956
29852956
29852956
29852956
29852956
29852956
29852956
29852956
29852956
29852956
29852956
29852956
29852956
29852956
29852985
29852986
30701316
52561713
52697154
53990723
54520392
54520396
54520397
54520398
54816809
54816809
54816809
54816809
54816809
54816809
54816809
54816809
54816809
54816809
54816809
54816809
54816809
54816809
54816809
54816809
54816809
54816809
54816809
54816809
54816809
54816809
54816809
54816809
54816809
55146296
55146297
55451553
55451559
55855358
55855361
55855368
55855368
55855369
55855371
55855402
56162348
56849687
57918703
57918705
57918705
57918705
57918732
58337653
58337653
58337653
58337653
58337653
58337656
58954404
58954414
58954414
58954414
58954414
58954414
58954414
58954414
58954414
58954414
58954414
58954414
58954417
59058309
59058310
59805104
60063453
60063454
60063455
60063456
60063456
60159107
60159150
62504511
62796103
62843941
64040953
64040954
64437154
64437155
64469612
64469614
64469615
64469615
64469615
64483505
64483506
64489504
64489504
64493204
64493206
64499654
64499656
64499660
64499661
64499662
64499664
64499669
64525858
64525859
64537703
64726263
64726268
64731453
64731453
64731455
64731455
64731457
64793603
64793605
65006605
65008754
65008756
65010655
65010657
65010659
65010660
65010661
65010661
65010662
65010662
65010662
65010662
65010663
65010664
65010669
65010670
65010671
65479555
65479556
65479559
65482053
65482057
65482058
65482058
65482058
65482058
65482058
65482058
65482058
65545954
65545955
65545961
65545965
65551157
65555403
65555403
65555404
65555406
65555408
65555410
65555410
65555410
65555411
65555411
65555411
65561354
65561355
65561355
65561355
65561355
65561355
65561355
65561355
65561355
65561355
65562454
65562455
65562457
65562458
65562459
65562460
65569854
65575203
65575203
65645931
65645932
65645933
65645933
66498703
66498752
66604112
66632903
66632906
66660003
66660003
66660003
66660003
66660003
66728657
66728658
66741404
66741405
66741407
66741409
66741409
66741409
66839006
66839006
68239904
69160703
69383003
69383004
70418653
70418654
70800803
70800804
71676304
72261005
72261006
72391753
72589654
72712155
73614803
73614828
73614829
73614834
73747663
74410404
74410405
74446153
74446154
74446154
74446154
74446154
74446154
74446154
74446154
74446154
74446154
74446154
74446154
74446155
75277453
77024206
77024212
77271204
77271205
77301963
77373553
77373558
78115554
79620954
79620955
79620956
79620957
79620962
79620963
79916153
79920403
79920404
79934903
79934904
79938553
79938554
79938555
80003107
80003108
80003108
80003108
80003108
80003110
80003112
80003116
80003118
80003120
80098804
80098807
80098807
80098807
80098807
80098807
80098808
80098810
80193803
80210555
80210555
80210555
80210556
80210556
80210556