id	terminologyId
10004851	96786655
10004852	23646867
10004853	TMP-emlgjg
10004854	TMP-1owamh
10004856	TMP-1owamh
10004857	TMP-79pc3p
10004858	1501000003103
10033501	141000210106
10033502	351000210106
10033505	421000210109
10033506	101000210108
10033507	391000210104
10033508	TMP-evp7dh
10033515	TMP-ezyhzr
10033526	141000210106
10033527	58181000052100999
10033544	56421000052109
10033548	723264001
10033549	58181000052100
10174402	TMP-hmj5ah
10174404	TMP-hmj5ah
10174406	2361000189102
10174408	TMP-neo7m9
10174410	TMP-u4d2ek
10174415	TMP-p5l9dq
10174416	TMP-xq6xfn
10174417	TMP-49ff8r
10174419	21000188104
10174421	321000210102
10174427	131000210103
10174428	TMP-uq5m51
10174429	TMP-tzjhah
10174430	TMP-91v3nj
10174432	TMP-w9fpbj
10174433	191000210102
10174434	181000210104
10174435	461000210102
10174436	451000210100
10174437	471000210108
10174439	TMP-nwujn9
103	716891004
10674254	TMP-aoiaao
10674255	TMP-ftynwd
10674257	TMP-7w9h41
10674862	1119410008
10674865	TMP-ricit9
10674866	816080008
10674867	TMP-b9s301
10674868	TMP-6s0ltj
10674870	784308004
10674871	5601000003101
10674872	TMP-5bmk30
10674874	TMP-vw6bvj
10674875	TMP-bjnwn8
10674878	5491000003105
10674879	5581000003109
10975157	5871000003109
10975158	TMP-ou6auy
10975166	5581000003109
10975167	TMP-j2uln7
10975171	TMP-qggtfj
10975172	59041000052103
10975173	5871000003109
11048305	5601000003101
11048307	TMP-0hvimb
11048308	TMP-37v6gr
11048309	TMP-o9a9le
11048310	771000202103
11048312	<<32712000
11065654	481000210105
11096255	TMP-qko74o
11096257	TMP-vm5vsr
11096259	TMP-s528r7
11103501	TMP-8qk714
11103506	450970008
11103508	5491000003105
11103518	TMP-vge4k4
11103519	TMP-wu9ks6
11103521	TMP-kfxmdg
11242551	TMP-lpczm7
11242556	TMP-ks1yjq
11280952	TMP-k0h0uv
11303501	TMP-obcgdi
11311851	441000210103
11311856	TMP-x2kyc0
11311857	TMP-1ypokc
11311858	TMP-sq8wjo
11311864	TMP-ndytm6
11311865	491000210107
11311867	TMP-0kwext
11311869	876
11311870	gpfp
11311878	TMP-57clar
11311880	TMP-usjrea
11311886	501000210102
11311890	421000210109
11311891	351000210106
11311896	481000210105
11466402	58181000052100
11466403	TMP-4nhwxv
11473758	8271000003100
11473759	TMP-xysgn7
11551011	441000210103
11551012	121000210100
11551013	251000210104
11551014	391000210104
11551015	501000210102
11551016	491000210107
11551018	191000210102
11551019	471000210108
11551020	261000210101
11551023	141000210106
11551024	241000210102
11551025	181000210104
11551026	131000210103
11551027	101000210108
11551028	451000210100
11551029	461000210102
11551031	91000210107
11551032	61000210102
11551033	71000210108
11551034	321000210102
11551035	51000210100
11551038	723264001
11551039	141000181108
11551042	161000181109
11551045	56421000052109
11551046	500021000057103
11551049	500141000057107
11627207	TMP-36s7kw
11627216	500091000057101
11627217	500121000057102
11627218	500091000057101
11651157	181000181102
11651158	201000181103
11651159	331000181103
11651160	361000181106
11651163	500151000057109
11651164	712768323888
11651165	456847345
11651166	456847345
11651167	712768323948
11651168	23645832341
11651169	321000181100
11651170	261000181104
11651171	241000181100
11651172	281000181106
11651173	251000181102
11651174	301000181107
11651175	231000181107
11651176	221000181105
11651177	311000181109
11651178	271000181109
11651179	291000181108
11651180	1
11651181	FDB1
11651184	TMP-yonija
11651186	FDB2
11651187	FDB3
11686056	TMP-rvp41c
11686057	4226871000052111
11686058	59761000052100
11686059	60041000052102
11686060	4226911000052113
11686061	60381000052109
11686062	60391000052106
11686063	60401000052109
11686064	60421000052103
11686065	60411000052106
11686066	4226871000052111
11686067	4226911000052113
11686068	59761000052100
11686069	60391000052106
11686070	60401000052109
11686071	60411000052106
11686072	60041000052102
11686073	60381000052109
11686074	60421000052103
11686075	TMP-gbg8du
11686076	TMP-alto4s
11736153	TMP-vbjowr
11736155	TMP-k4x93u
11736157	TMP-822fjs
11749706	TMP-6aqbbq
11749712	TMP-e4ckbp
11767208	TMP-swtaub
11767209	TMP-swtaub
11846751	TMP-qoy8i7
11854651	TMP-i222yx
11855101	TMP-rbh1by
11855107	TMP-w7d69m
11855110	TMP-shvzzo
11855116	TMP-7iwe16
11855122	TMP-vf0y8c
11855123	TMP-coky1n
11855124	5871000003109
11855126	5581000003109
11855130	5601000003101
11855138	TMP-p30dy3
11855139	721144007
11855140	TMP-8gq0u1
11855141	721145008
11855142	450970008
11855143	733990004
11855145	TMP-avnk3q
11855146	733991000
11855147	L_0001
11855150	TMP-820qs5
12028201	TMP-84x2wv
12028202	L_0002
12028203	L_0003
12028207	Sample
12028208	TMP-7rean0
12028209	TMP-cn7el2
12028210	TMP-29o9e7
12038251	TMP-ricit9
12038253	TMP-rj93rq
12038255	TMP-rj93rq
12038260	TMP-6e9qje
12038262	500171000057101
12038264	TMP-lr6hqu
12038266	16271000003102
12038269	TMP-9eyr8w
12038270	16301000003104
12038271	TMP-moc85w
12038272	16311000003102
12038274	TMP-62lx8d
12038277	60011000052103
12107854	TMP-tkx5cb
12107874	TMP-31mrlm
12107875	TMP-ugvvuo
12131372	771000202103
12143622	TMP-n9hsnn
12143623	TMP-j0cxab
12143624	62151000052104
12143625	62161000052101
12143626	62171000052105
12143627	62181000052107
12143628	62191000052109
12143630	TMP-gtbyj0
12143634	TMP-ub8ug1
12143636	TMP-yuigq1
12143637	TMP-xuekuv
12143638	TMP-uhvxnu
12143640	891000202109
12161051	TMP-uoj0re
12161052	TMP-134gfj
12161057	TMP-izdykm
12161058	11721000202101
12161059	TMP-oexphe
12161061	TMP-bny6ae
12161062	TMP-vor4ly
12161063	TMP-41n9ri
12161064	TMP-3w82i3
12161066	TMP-x9a8q9
12176114	1991000202102
12176118	TMP-pcnbaf
12176119	2001000202104
12176120	1971000202101
12176121	1981000202104
12176122	1081000202100
12176123	500201000057102
12176125	1091000202103
12210152	63421000052107
12210161	TMP-fcdr3y
12210166	1091000202103
12210170	TMP-68hutp
12210180	60661000052106
12210181	59821000052101
12210183	59811000052109
12210184	59901000052102
12210185	59841000052105
12210186	59851000052108
12210187	59881000052100
12210188	59831000052104
12210189	60691000052103
12210190	59861000052106
12210192	59871000052102
12210193	1091000202103
12210196	500121000057102
12210200	59771000052109
12260602	59761000052100
12260604	60041000052102
12260607	1091000202103
12260612	500201000057102
12260613	500041000057108
12260614	TMP-c4kzqo
12260615	500111000057108
12260616	500101000057105
12260617	500061000057107
12260618	500051000057105
12260619	500071000057102
12260620	500081000057104
12260621	123456789
12260631	62201000052106
12274855	62161000052101
12274856	62181000052107
12274857	62151000052104
12274858	62191000052109
12274864	TMP-4wrp2r
12274869	500091000057101
12274873	56421000052109
12274875	59781000052106
12274877	62161000052101
12274878	62181000052107
12274879	62151000052104
12274880	62171000052105
12274882	58181000052100
12274884	60401000052109
12274886	60411000052106
12274888	60421000052103
12274890	62191000052109
12274892	53351000052100
12274894	53361000052102
12274896	46051000052106
12274898	56431000052106
12274900	53371000052106
12278654	53381000052108
12278656	53611000052108
12278658	60381000052109
12278660	60391000052106
12278663	test
12278664	TMP-e9c3a9
12278666	TMP-oor2i6
12278668	1081000202100
12284912	18291000003104
12284914	TMP-w0svbc
12284916	TMP-jmo38q
12284938	TMP-1hq2mi
12284939	TMP-0ha6jv
12284940	TMP-o3ihvj
12284941	TMP-r47300
12284942	123456768
12284943	11122233
12284944	1112234
12305058	TMP-c95llx
12305063	TMP-kvmw0g
12305064	TMP-tz2yee
12305070	TMP-hi6no3
12305071	TMP-494xzy
12305072	TMP-czvqjd
12305100	1091000202103
12375102	TMP-gthwji
12375103	TMP-p27e1r
12375105	TMP-9fut60
12375111	TMP-jjwam1
12375112	TMP-fn29yg
12375113	TMP-obfttx
16138755	351000210106
16138756	421000210109
16138757	91000210107
16175303	191000210102
16175304	471000210108
16175305	261000210101
16175306	61000210102
16175307	71000210108
16175308	321000210102
16175309	141000210106
16175313	241000210102
16175314	181000210104
16175315	131000210103
16175316	101000210108
16175317	451000210100
16175318	461000210102
16175319	501000210102
16175320	391000210104
16175321	251000210104
16175322	121000210100
16175323	481000210105
16175324	51000210100
16175325	441000210103
16515903	1091000202103
16517104	TMP-yk73wu
16517105	723264001
16598676	TMP-7aje8e
16598679	12345001
16598681	TMP-hqn1fl
16903953	TMP-keizks
21726203	TMP-l8stq8
21726205	TMP-aaf93f
21726208	TMP-mwg5gi
21726209	TMP-8dsozm
21865503	TMP-jc4x2f
21928553	1091000202103
21928554	1091000202103
21932253	1091000202103
21932254	62171000052105
21932255	1301000202105
21932256	1311000202107
21932257	1291000202106
21932264	1051000202108
21995260	TMP-xu6js1
21995262	TMP-7be4bz
21995263	TMP-v6curq
21995264	1281000202109
21995265	1271000202107
22031203	TMP-rpcyut
22031204	TMP-ww3x3z
22031205	TMP-lpf5ku
22031206	TMP-knhnvs
22031207	TMP-eu5vrq
22031208	TMP-qrui36
22031209	TMP-c6devn
22031210	TMP-wia63j
22031211	TMP-drwl2x
22031212	TMP-paovbj
22031213	TMP-5959sz
22031214	TMP-aevlq9
22031215	TMP-ztjosx
22031216	TMP-6bo3ph
22031217	TMP-i4414j
22031218	1621000202106
22031219	TMP-mxcheu
22031220	TMP-u2um3j
22031221	TMP-568nl6
22031222	TMP-kznqth
22031223	TMP-oa2h4h
22031224	TMP-zkcp2r
22031225	TMP-aa358h
22031227	TMP-cgghgc
22031228	TMP-36j3pc
22031229	TMP-ygo82d
22031230	11621000202109
22031231	TMP-xzaj4j
22031232	TMP-asfpph
22031233	TMP-qel28a
22031234	TMP-6lobsv
22031235	TMP-xe4j14
22031237	21000188104
22255006	TMP-raqhe8
22255012	561000172108
22255013	551000172106
22255014	541000172109
22292809	TMP-omqm20
22354203	TMP-3t29v7
22478503	TMP-svhavk
22478524	1291000202106
22478525	1311000202107
22478528	1311000202107
22478529	1081000202100
22653103	1291000202106
22653105	1311000202107
22653108	1051000202108
22665103	TMP-x1pucs
22771604	561000172108
22771605	541000172109
22771606	551000172106
22771608	1281000245109
22771609	1281000245109
22780105	1681000202107
22780106	1681000202107
22780108	1051000202108
22780109	1681000202107
22786607	1681000202107
22823553	TMP-eqb0tx
22823554	1771000202104
22846761	351000210106
22846762	421000210109
22846763	91000210107
22846764	191000210102
22846765	241000210102
22846766	471000210108
22846767	261000210101
22846768	61000210102
22846769	71000210108
22846770	321000210102
22846771	141000210106
22846772	181000210104
22846773	131000210103
22846774	101000210108
22846775	451000210100
22846776	461000210102
22846777	501000210102
22846778	391000210104
22846779	251000210104
22846780	121000210100
22846781	481000210105
22846782	51000210100
22846783	441000210103
22846789	TMP-6rqvew
23049404	TMP-sg4gfg
23049405	64511000052102
23049412	64691000052109
23049413	987654321
23049419	TMP-1mtxzm
23049427	1921000202100
23049428	TMP-r9y2l9
23049429	TMP-ti5j43
23049430	TMP-x8ncf4
23049431	TMP-s00xcv
23049432	TMP-bx98rh
23049436	TMP-6y0huk
23049437	TMP-zvkjvs
23049439	TMP-d2xbpc
23049440	TMP-939gyb
23049441	TMP-u7intn
23049442	TMP-exa3hk
23049443	TMP-cj63mn
23049444	TMP-udl36l
23049448	TMP-9adyjd
23049449	TMP-ek29mc
23049450	TMP-rmsbva
23049451	TMP-4ufgsd
23049452	TMP-r56s0x
23871104	TMP-dk3apm
23871105	TMP-xzesl6
23871106	TMP-l0p4wv
23871107	TMP-vaaom0
23871108	TMP-j5r3u8
23871110	TMP-3hxp40
23871111	TMP-x50k7d
23871112	TMP-djcd5l
23871113	TMP-len1cb
23871114	TMP-jr4rs4
23871118	TMP-0bilf8
23871119	TMP-w8hx3k
23871121	TMP-dttrrk
23871122	TMP-smir87
23871125	TMP-zzbcuh
23871126	60001000052100
23914203	TMP-sx3ofw
23914204	TMP-e4cvmv
23914208	TMP-l4re6x
23914214	TMP-t5aa70
23914216	64641000052102
23914218	TMP-kfsvk0
23914220	TMP-kykvu3
23914221	TMP-pqqd1o
23914222	TMP-ddplt4
23914224	TMP-tdl0wg
23914226	TMP-39jbld
23914227	TMP-5bcx6f
23914228	TMP-vhxgf8
23914229	TMP-jx5fdq
23914230	TMP-imcxaj
23914231	TMP-swq8u1
23914232	TMP-k8c44f
23914244	TMP-a7eonx
23914245	TMP-wsbyub
23914251	TMP-04q9ld
24357907	TMP-prkzjz
24357908	TMP-c9a4a7
24357909	TMP-ys3kub
24357910	TMP-nbzyfi
24357911	TMP-311ygt
24357912	672411000189107
24357917	TMP-avd5ag
24357918	TMP-pwh8xc
24357919	TMP-y1nc2q
24357921	TMP-ti23y3
24357939	TMP-z0bmzv
24357940	TMP-3gfkk6
24357942	2361000181104
24357943	2561000181109
24357944	2571000181104
24357945	2551000181106
24452010	TMP-n04bmv
24452021	FindCovid
24452023	TMP-u6vnjw
24452024	TMP-ly9x72
24452025	TMP-d4kvjr
24452026	TMP-s9wujy
24452033	TMP-y866k4
24819640	TMP-qgp542
24931366	TMP-ckawbl
24931367	LateralCHUP
24931373	2361000181104
24931381	2551000181106
24931395	VascularCHUPDiagnósticos
24931396	2571000181104
24931397	2561000181109
24931398	141000181108
24931399	161000181109
24931400	321000181100
24931401	261000181104
24931402	361000181106
25118403	241000181100
25118404	281000181106
25118405	301000181107
25118406	331000181103
25118407	201000181103
25118408	231000181107
25118409	181000181102
25118410	221000181105
25118411	311000181109
25118412	271000181109
25118413	291000181108
25118414	TMP-oup4m6
25118415	141000181108
25118416	321000181100
25118417	161000181109
25118418	261000181104
25118419	361000181106
25118420	241000181100
25118421	281000181106
25118423	301000181107
25118424	331000181103
25118425	201000181103
25118426	231000181107
25118427	181000181102
25118428	221000181105
25118429	311000181109
25118430	271000181109
25118431	291000181108
25118433	251000181102
25118434	251000181102
25407778	37711000003109
25407784	31991000003105
25407785	59771000052109
25407786	62161000052101
25407787	62181000052107
25407788	62151000052104
25407789	56421000052109
25407790	59781000052106
25407791	59811000052109
25407792	59831000052104
25407793	53351000052100
25407794	53361000052102
25407795	60391000052106
25407796	62201000052106
25407797	59761000052100
25407798	60041000052102
25407799	59841000052105
25407800	59871000052102
25407801	58181000052100
25407802	63421000052107
25471603	60401000052109
25471604	60411000052106
25471605	60421000052103
25471606	59821000052101
25471607	62171000052105
25471608	56431000052106
25471609	62191000052109
25471610	53371000052106
25471611	53381000052108
25471612	59851000052108
25471613	60381000052109
25471614	59881000052100
25471615	46051000052106
25471625	500201000057102
25471626	500111000057108
25471627	500091000057101
25471628	500101000057105
25471629	500061000057107
25471630	500081000057104
25471631	500041000057108
25471632	500071000057102
25471633	500121000057102
25471634	500051000057105
25471641	59771000052109
25471642	59771000052109
25471643	62161000052101
25471644	62181000052107
25471645	62151000052104
25471646	56421000052109
25471648	59781000052106
25471649	59811000052109
25471650	59831000052104
25471651	64511000052102
25471652	53351000052100
25553153	53361000052102
25553154	60391000052106
25553155	62201000052106
25553156	59761000052100
25553157	60041000052102
25553158	59841000052105
25553159	59871000052102
25553160	58181000052100
25553161	63421000052107
25553162	60401000052109
25553163	60411000052106
25553164	60421000052103
25553165	46051000052106
25553167	62171000052105
25553168	56431000052106
25553169	62191000052109
25553170	53371000052106
25553171	53381000052108
25553172	60661000052106
25553173	59851000052108
25553174	60381000052109
25553175	59881000052100
25553179	500201000057102
25553180	500111000057108
25553181	500091000057101
25553182	500101000057105
25553183	500061000057107
25553184	500081000057104
25553185	500041000057108
25553186	500071000057102
25553187	500121000057102
25553188	500051000057105
25553189	53611000052108
25553190	59861000052106
25553191	60691000052103
25553194	59861000052106
25553195	60691000052103
25553196	53611000052108
25553199	64641000052102
25553200	723264001
25718053	11000210104
25718054	121000210100
25877653	723264001
25877654	1981000202104
25877655	1991000202102
25877656	2001000202104
25877657	1971000202101
25877658	1771000202104
25877659	1281000202109
25877660	1761000202108
25877661	1761000202108
25877662	1271000202107
25877666	131000210103
25877667	141000210106
25877669	141000210106
25877670	11000210104
25877672	181000210104
25877673	181000210104
25877674	261000210101
25877675	191000210102
25877676	21000210109
25877677	241000210102
25877678	241000210102
25877679	21000210109
25877680	251000210104
25877681	251000210104
25877682	131000210103
25877683	121000210100
25877684	TMP-yc8794
25877686	1991000202102
25877687	997321000189101
25877688	TMP-luog8t
25877689	TMP-29960m
25877690	TMP-eo6zqx
25877693	1991000202102
26095606	1991000202102
26095607	1991000202102
26095608	1991000202102
26095612	TMP-yzcw2i
26095613	TMP-4y9rpi
26095614	TMP-zn2k50
26095615	1991000202102
26095616	1991000202102
26095618	TMP-db4oy5
26095622	751000220104
26095624	TMP-l9oxuy
26095625	TMP-fnnoix
26095628	2081000202106
26095629	2081000202106
26095630	1311000202107
26350254	787778008
26350263	894081003
26350265	TMP-kjuwig
26350266	TMP-avulpi
27862704	123456789
27862705	1234567
27862706	TMP-a4gxo3
27862707	TMP-0qcj2q
27862708	TMP-o0cdri
27862711	TMP-fg5hf8
28025855	TMP-ot128k
28025857	TMP-j1d35y
28025858	TMP-2yvydy
28025863	TMP-7cm964
28025866	TMP-7cm964
28025868	Social Care regimes
28025869	764976999
28025874	TMP-hrofkr
28025875	1311000202107
28025877	TMP-hsyjcz
28025881	TMP-g2arlj
28241253	TMP-jlekvt
28241258	683861000189108
28241290	TMP-9qyxrp
28241291	TMP-9qyxrp
28458815	TMP-nv3hfl
28458824	5871000003109
28458825	TMP-14bczg
28458826	heda
28458833	5601000003101
28458835	721144007
28458836	TMP-qiui6c
28458840	TMP-ed1451
28458841	TMP-p4b7kb
28971330	TMP-zjl2nq
28971331	50931000210104
28971332	50941000210107
28971336	TMP-pcx3sl
28971339	Age
28971345	Gender
28971347	Racial group
28971348	Ethnicity
28971350	Education
28971352	Social and personal history
29368704	Health Literacy
29368706	Finding related to health literacy
29368707	Stress
29368708	Anxiety
29368709	Personal assessment
29368710	TMP-1704mv
29368712	Nutrition
29368713	Activity
29368715	Tobacco use
29368716	Tobacco exposure
29368717	Social support
29368718	Alcohol use
29368719	Substance abuse
29368720	Sexual practices
29368722	TMP-ilny7d
29368723	Social/personal history
29368724	Psychosocial functioning
29368725	Risk for violence
29368726	Family support
29368727	Employment
29368728	Incarceration
29368729	Physical environment
29368730	Personal environment
29368731	Exposure to harmful event
29368732	Housing
29368736	TMP-2yz7tk
29852953	TMP-rbjmnb
29852956	TMP-kunfn0
29852958	351000210106
29852959	131000210103
29852960	101000210108
29852961	141000210106
29852962	181000210104
29852964	501000210102
29852965	391000210104
29852966	321000210102
29852967	71000210108
29852968	61000210102
29852969	771000220108
29852970	50941000210107
29852971	50931000210104
29852973	561000172108
29852976	541000172109
29852977	551000172106
29852985	TMP-ym4e9e
29852986	TMP-nwnfm4
29852989	791000220109
29852990	TMP-jaqmjq
29852992	461000210102
29852995	721145008
29852997	816080008
29853001	811000220108
29853002	733991000
30701303	733990004
30701306	450970008
30701308	787778008
30701315	TMP-gyxe8n
30701316	TMP-qtun8a
30701317	831000220103
30701318	811000220108
30701319	821000220101
30701320	841000220107
30701322	811000220108
4211201	1234
4211202	12345
4211203	12345001
4222810	31000151104
4222811	31000151104
4222812	TMP-pqgwf1
4222813	TMP-wjbgj5
4236202	TMP-k6bdg3
4265960	TMP-ykhjle
4265967	TMP-xhjnfb
4265974	TMP-w2h334
4265975	TMP-r5xdtd
4276153	TMP-pbcsvm
4276155	TMP-cniiix
4276170	TMP-sk1j6f
4276172	11000003104
4276174	TMP-rj0am0
4276184	TMP-4htiyy
4276190	TMP-gczcoz
4459708	TMP-t9v2m3
4459713	TMP-s9vczd
4477752	TMP-m3thw9
4500951	46051000052106
4500952	53361000052102
4500953	53351000052100
4500955	53371000052106
4500956	53381000052108
4500957	53611000052108
4512305	TMP-pn9li5
4513661	TMP-iwcfvk
4513684	TMP-rn35mh
4513687	TMP-kyo4d1
4513694	TMP-5ev02m
4665552	722130004
4665553	722131000
4665554	722129009
4665555	722128001
4681552	21000003109
4830370	53361000052102
4830371	46051000052106
4830372	53371000052106
4830373	53381000052108
4830375	53611000052108
4830378	53351000052100
4830381	46051000052106
4830382	53351000052100
4830383	53361000052102
4830384	53371000052106
4830385	53381000052108
4830387	53611000052108
4851101	TMP-hjdu4b
4851102	TMP-yzo0j9
4851103	TMP-wbfrbm
4851104	TMP-w2vcke
4851111	TMP-nzk79c
4851113	41000003103
4921701	371000202104
4921714	TMP-1vytwb
4921728	TMP-lmo338
5099582	51000003100
5099583	TMP-ttimpq
52488253	TMP-o64xzm
52488259	TMP-clmkyk
52488260	894081003
52488261	TMP-g72oga
52488262	TMP-gvyvx8
52488263	TMP-ysl57b
52488265	TMP-jtv3qq
52488269	821000220101
52488270	841000220107
52488272	831000220103
52561711	TMP-s83vbl
52561712	LR_001
52561713	TMP-c7tcsl
52697153	31000210106
52697154	311000210107
52697182	63181000052104
52904921	1
52904927	TMP-mqzs7c
52904939	teste
52904947	1001000189107
52904948	1001000189107
52904950	1001000189107
53347162	3221000181107
53347163	3231000181109
53347179	1011000189109
53347180	1011000189109
53347182	1021000189101
53347183	1021000189101
53347185	1021000189101
53347187	1031000189104
53347188	1031000189104
53347190	1151000189109
53347192	1151000189109
53347200	1161000189107
53347201	1161000189107
53990703	1171000189103
53990705	1181000189101
53990706	1181000189101
53990709	66831000052100
53990710	1191000189104
53990711	1191000189104
53990713	1201000189102
53990714	1201000189102
53990716	1201000189102
53990717	TMP-g2e0r1
53990718	1041000189105
53990719	1041000189105
53990721	1041000189105
53990722	1051000189108
53990723	68661000052109
53990724	67071000052109
53990725	67081000052106
53990726	1051000189108
53990728	1051000189108
53990729	1061000189106
53990730	1061000189106
53990732	1061000189106
54520357	67031000052107
54520358	68591000052102
54520360	67051000052103
54520361	68581000052104
54520379	1071000189102
54520380	1071000189102
54520382	1211000189100
54520383	1211000189100
54520385	1221000189108
54520386	1221000189108
54520389	45791000003109
54520390	45801000003108
54520391	5401000202100
54520392	TMP-5xizsu
54520396	TMP-ycuxpp
54520397	45841000003106
54520398	TMP-hhzuf3
54520399	TMP-owq7zz
54816804	1231000189105
54816805	1231000189105
54816808	ALLMENN
54816809	NZ-GPsets
54816811	1241000189104
54816813	TMP-w8frcr
5493553	1061000195107
5493554	1071000195101
5493555	1111000195106
5493556	1121000195101
5493557	1201000195101
5493558	1081000195104
5493559	1091000195102
5493560	1101000195109
5510657	TMP-cqw66j
55146254	TMP-5odbyq
55146255	TMP-3vnbqf
55146256	TMP-j0r2wr
55146257	TMP-bf5wzx
55146260	1241000189104
55146267	1251000189101
55146268	1251000189101
55146270	1081000189100
55146271	1081000189100
55146273	1261000189103
55146274	1261000189103
55146280	1271000189107
55146281	1271000189107
55146283	1091000189103
55146284	1091000189103
55146286	1091000189103
55146287	1281000189109
55146291	TMP-i7yb7s
55146292	TMP-0dmvfc
55146293	TMP-lsylis
55146294	TMP-dks04f
55146295	TMP-fu79eb
55146296	TMP-kr80l9
55146297	TMP-pn25uv
55146298	TMP-tk9om5
55146299	TMP-nt5zk9
55146300	TMP-f51w3v
55146301	TMP-z4o44g
55146302	TMP-5gh8jh
55451553	TMP-1j5sv5
55451554	TMP-2jo1ie
55451555	TMP-uo5lcd
55451556	TMP-nufyh9
55451557	TMP-1s0vbq
55451558	TMP-upybjt
55451559	TMP-jqwhsm
55451560	TMP-mleuoo
55451561	TMP-fbflmd
55451562	TMP-bwqg0y
55451563	TMP-tt7l8v
55451564	TMP-hqs97f
55451571	1281000189109
55451573	1291000189106
55451575	1291000189106
5562851	TMP-vgoa0a
5562855	TMP-biazc1
5562857	TMP-xes4n6
55855353	59771000052109
55855354	62161000052101
55855355	62181000052107
55855358	TMP-122a3o
55855360	TMP-14ejjc
55855361	TMP-ngaymq
55855363	TMP-6dnidr
55855364	D002486
55855365	TMP-509dpb
55855366	12345
55855367	TMP-kviheh
55855368	TMP-ao02m1
55855369	TMP-xnup9b
55855371	TMP-xwf9ga
55855373	1101000189108
55855374	1101000189108
55855376	1111000189105
55855377	1111000189105
55855380	5741000202109
55855392	2361000181104
55855402	TMP-17fpqa
56162314	5751000202107
56162315	5751000202107
56162316	56421000052109
56162317	64641000052102
56162318	59781000052106
56162319	59811000052109
56162320	59831000052104
56162321	64511000052102
56162322	53351000052100
56162323	53361000052102
56162324	60391000052106
56162326	66831000052100
56162327	68591000052102
56162328	59761000052100
56162329	60041000052102
56162330	59841000052105
56162331	59871000052102
56162332	60001000052100
56162333	58181000052100
56162334	63421000052107
56162335	60401000052109
56162336	60411000052106
56162337	60421000052103
56162338	67031000052107
56162339	46051000052106
56162341	62171000052105
56162342	56431000052106
56162343	62191000052109
56162344	53371000052106
56162345	53381000052108
56162346	60661000052106
56162347	59851000052108
56162348	68661000052109
56162349	67081000052106
56162350	67051000052103
56162351	67071000052109
56162352	60381000052109
56190253	59881000052100
56190254	59861000052106
56190255	60691000052103
56190256	53611000052108
56190257	68581000052104
56190258	500201000057102
56190259	63181000052104
56190260	500111000057108
56190261	500091000057101
56190262	500101000057105
56190263	500061000057107
56190264	500081000057104
56190265	500041000057108
56190266	500071000057102
56190267	500121000057102
56190268	500051000057105
56190269	62151000052104
56190284	1011000189109
56190285	1031000189104
56190286	1131000189100
56190287	1131000189100
56190296	1131000189100
56190297	1161000189107
56190298	1171000189103
56190299	141000181108
56190300	161000181109
56190301	321000181100
56190302	2571000181104
5639504	11000202100
5639514	721144007
56849653	261000181104
56849654	361000181106
56849655	241000181100
56849656	281000181106
56849657	251000181102
56849658	2561000181109
56849659	301000181107
56849660	2551000181106
56849661	331000181103
56849662	201000181103
56849663	231000181107
56849664	181000181102
56849665	3231000181109
56849666	3221000181107
56849667	221000181105
56849668	311000181109
56849669	271000181109
56849670	291000181108
56849677	1181000189101
56849678	1191000189104
56849680	1071000189102
56849681	1211000189100
56849682	1231000189105
56849683	1111000189105
56849684	1101000189108
56849687	TMP-86sgza
56849689	1081000189100
56849690	1251000189101
56849691	1241000189104
56849692	1221000189108
56849693	1281000189109
56849696	1311000202107
56849697	1261000189103
56849699	1151000189109
56849700	1271000189107
56849702	1291000189106
5746703	733876003
5746705	21000202108
5746735	91000210107
5746736	450970008
5746737	450970008
57702611	1301000189105
57702612	1301000189105
57918703	TMP-pn05o2
57918705	TMP-af5kkj
57918714	1301000189105
57918715	1141000189106
57918716	1141000189106
57918718	1141000189106
57918732	5961000202107
57918733	6001000202100
58336903	62201000052106
58337653	TMP-c45h7m
58337656	TMP-0emwb4
58337657	59821000052101
58337658	59821000052101
58337659	21000233105
58871953	723264001
58954403	TMP-eoihtx
58954404	TMP-x9a8q9
58954409	2801000189105
58954411	TMP-i5whsa
58954413	6721000202109
58954414	61000269105
58954415	6991000202105
58954416	TMP-epk662
58954417	TMP-pmmxvk
58954423	TMP-u238vm
59058303	TMP-egtjr7
59058304	1991000202102
59058305	0
59058308	51000269108
59058309	RM-LocaisAnatomicos
59058310	TMP-q3extc
59058311	997341000189105
59058314	997331000189104
59058317	TMP-dwze0j
59058318	TMP-9mr5cr
59058319	TMP-t15qox
59058320	TMP-ezoujo
5942202	TMP-jv126p
5942203	TMP-f4yog6
5942209	TMP-l5aupz
5942210	TMP-o412dw
5942211	TMP-wufo14
5942213	56421000052109
5942215	56431000052106
5942222	723264001
5942223	723264001
5942226	723264001
5942229	53351000052100
5942230	53361000052102
5942231	46051000052106
5942232	56431000052106
5942233	53371000052106
5942234	53381000052108
5942235	53611000052108
5942248	TMP-gc1pyc
5942249	TMP-1hi4o1
59805103	TMP-up59ru
59805104	TMP-nrj155
59805105	TMP-d0qzs0
59805107	TMP-qqlb5c
59805109	TMP-u7jogm
59805110	TMP-77w9i9
60053153	TMP-jazksz
60063453	TMP-o09inv
60063454	TMP-r88s65
60063455	TMP-pd6ct1
60063456	TMP-rsy67r
60159104	TMP-4mga1t
60159105	1991000202102
60159106	TMP-6f3ecy
60159107	TMP-xswo2j
60159108	TMP-xzlrc9
60159110	TMP-4y9rpi
60159140	TMP-ddplt4
60159141	TMP-ddplt4
60159147	721000172106
60159148	751000172100
60159149	731000172109
60159150	741000172102
61836503	TMP-qgb0mw
61836504	TMP-h0l621
61836506	TMP-7hcla7
61836515	TMP-04d8r9
61836516	TMP-tepifc
61836528	TMP-2w2yj0
62453156	TMP-flfejl
62504503	TMP-8234qh
62504505	721000172106
62504506	561000172108
62504507	541000172109
62504508	551000172106
62504509	751000172100
62504510	731000172109
62504511	741000172102
62504515	61261000210104
62504516	61251000210102
62504517	61241000210100
6255761	TMP-sdr2h9
62796103	TMP-qwtrk9
62796106	61231000210108
62843936	997331000189104
62843937	997341000189105
62843939	TMP-se0gsy
62843940	TMP-iqjm8e
62843941	TMP-0jjycs
62843942	61271000210105
62843943	61291000210109
62843944	61281000210107
6306726	721145008
63490955	123456
63551303	1541000220106
63551304	1561000220105
63551307	351000210106
63551308	421000210109
63551310	91000210107
63551312	191000210102
63551313	241000210102
63551314	471000210108
63551318	261000210101
63551320	61000210102
63551321	71000210108
63551322	321000210102
63551323	141000210106
63551324	181000210104
63551325	131000210103
63551326	101000210108
63551327	451000210100
63551329	501000210102
63551330	391000210104
63551331	50931000210104
63551332	251000210104
63551333	50941000210107
63551334	121000210100
63551335	481000210105
63551336	51000210100
63551337	441000210103
63551339	461000210102
63972955	1531000220102
63972956	1551000220108
63972957	61231000210108
63972958	61241000210100
63972959	61251000210102
63972960	61271000210105
63972961	61281000210107
63972962	61291000210109
63972963	61261000210104
63972964	997321000189101
64040953	TMP-80v4i6
64040954	TMP-zkr0gt
64049154	11201000202100
64345053	TMP-qbfyic
64436803	TMP-1rid49
64437153	TMP-q4o0hb
64437154	TMP-38bldn
64437155	TMP-35vm05
64469603	821000220101
64469604	811000220108
64469605	841000220107
64469606	1531000220102
64469607	831000220103
64469608	1541000220106
64469609	1551000220108
64469610	1561000220105
64469612	TMP-u4qm72
64469613	TMP-wfiwz2
64469614	TMP-gxvn0d
64469615	TMP-5fwe3y
6447310	ICN Diagnosis March 2017
6447312	ICN Interventions March 2017
6447315	2
6447317	1
6447318	3
6447319	4
6447320	5
6447321	6
6447324	8
6447326	7
6447329	TMP-447im5
6447330	TMP-cvbf7f
6447331	TMP-m7okig
6447332	TMP-av52qv
6447334	211000003103
6447335	TMP-pbud2t
6447336	TMP-615wx7
6447341	TMP-xz9hun
6447346	101
6447347	TMP-3ttrtf
6447349	TMP-w9vlpx
64483503	TMP-h4r9ay
64483505	TMP-uj1pwr
64483506	TMP-zv5seu
64489503	TMP-ri4qxm
64489504	TMP-phbr34
64489505	11581000202109
64493203	TMP-ho9so8
64493204	TMP-3cnbpp
64493205	TMP-pio0va
64493206	TMP-zj5gr1
64499653	1234
64499654	TMP-ucstfk
64499655	TMP-e1huwv
64499656	TMP-6mvocs
64499657	TMP-j3p8w2
64499658	TMP-nu8k7t
64499659	TMP-6eh9sg
64499660	TMP-2iuazs
64499661	TMP-nxi4j1
64499662	TMP-adu0gi
64499663	TMP-nt0585
64499664	TMP-5npk1k
64499668	TMP-ahub04
64499669	TMP-d0eudt
64525855	TMP-fu0qlh
64525858	TMP-ukpc2s
64525859	TMP-727ied
64537703	TMP-vjzaaz
64544253	TMP-rxcw7u
64612511	3591000181107
64726254	TMP-p266y6
64726263	TMP-i2m72d
64726267	TMP-pbrrl4
64726268	TMP-xnrkpf
64731453	TMP-e0l5qe
64731455	TMP-zjc7b9
64731457	73171000052105
64793603	TMP-tyjouz
64793604	TMP-c3b06x
64793605	TMP-xpx4oz
65006603	TMP-w3gv35
65006604	TMP-zdrjms
65006605	62831000003103
65008753	62931000003106
65008754	62941000003103
65008755	TMP-t6kor7
65008756	TMP-fxqlts
65010653	TMP-c1rv8m
65010655	TMP-4c65en
65010656	63001000003106
65010657	TMP-ue7lgh
65010658	TMP-8pjcfk
65010659	TMP-b9b339
65010660	TMP-9y2x4i
65010671	TMP-t62sv7
65479553	12401000202106
65479554	TMP-b5d4v9
65479555	TMP-5xw6rh
65479556	TMP-r7idmd
65479557	TMP-4zufq5
65479559	TMP-v3fwzd
65479560	TMP-svtcii
65479561	TMP-c5drra
65482053	TMP-gkdkd8
65482056	TMP-06bsxe
65482057	TMP-aepo6v
65482058	TMP-gi38oa
65545953	TMP-he0jyp
65545954	TMP-1yna9a
65545955	TMP-xtk7h2
65545960	63301000003109
65545961	63341000003107
65545962	TMP-yw1mqq
65545963	3671000181109
65545964	3661000181104
65545965	TMP-7v5lbi
65551153	TMP-qru3pc
65551154	TMP-0zgaz4
65551156	TMP-jdrhkv
65551157	TMP-t6ptxs
65555403	TMP-slq2nk
65555404	TMP-mxuzvf
65555406	TMP-m5sxem
65555407	63611000003100
65555408	63621000003105
65555409	TMP-17rwgl
65555410	TMP-7s2r9t
65555411	TMP-5db6mb
65561353	TMP-vgtuqy
65561354	TMP-bwmsr7
65561355	TMP-qqfrjk
65562453	63691000003108
65562454	63731000003103
65562455	63761000003107
65562456	TMP-fss84f
65562457	63851000003102
65562458	63881000003107
65562459	TMP-a74k3x
65562460	TMP-ejsgfm
65569853	TMP-fvs0ej
65569854	TMP-mxavd2
65569855	TMP-nsnv81
65569856	TMP-9ivtfd
65575203	63981000003101
65575204	TMP-8spa7m
65575209	12711000202103
65575210	23921000202107
65575211	12881000202101
65645903	141000181108
65645904	161000181109
65645905	321000181100
65645906	2571000181104
65645907	3661000181104
65645908	3671000181109
65645909	2361000181104
65645910	261000181104
65645911	361000181106
65645912	241000181100
65645913	281000181106
65645914	251000181102
65645915	2561000181109
65645916	301000181107
65645917	3591000181107
65645918	2551000181106
65645919	331000181103
65645920	201000181103
65645921	231000181107
65645922	181000181102
65645923	3231000181109
65645924	3221000181107
65645925	3631000181107
65645926	221000181105
65645927	311000181109
65645928	271000181109
65645929	291000181108
65645931	64131000003104
65645932	TMP-3tb5qb
65645933	TMP-1skp36
6648053	1731000189101
6648055	721145008
6648058	733991000
6648059	733990004
6648062	721144007
6648063	450970008
6648072	TMP-3sg9db
6648090	TMP-9yl9u5
66498703	TMP-2c1tbd
66498704	500201000057102
66498705	63181000052104
66498706	500111000057108
66498707	500091000057101
66498708	500101000057105
66498709	500061000057107
66498710	500081000057104
66498711	500041000057108
66498712	500071000057102
66498714	500051000057105
66498715	59771000052109
66498716	62161000052101
66498718	62151000052104
66498719	59901000052102
66498720	56421000052109
66498721	64641000052102
66498722	59781000052106
66498723	59811000052109
66498724	59831000052104
66498725	64511000052102
66498726	53351000052100
66498727	53361000052102
66498728	60391000052106
66498729	62201000052106
66498730	66831000052100
66498731	68591000052102
66498732	59761000052100
66498733	60041000052102
66498734	59841000052105
66498735	59871000052102
66498736	60001000052100
66498737	58181000052100
66498738	63421000052107
66498739	60401000052109
66498740	60411000052106
66498741	60421000052103
66498742	67031000052107
66498743	46051000052106
66498744	59821000052101
66498745	62171000052105
66498746	56431000052106
66498747	62191000052109
66498748	53371000052106
66498749	53381000052108
66498750	60661000052106
66498751	59851000052108
66498752	68661000052109
66604103	67081000052106
66604104	67051000052103
66604105	67071000052109
66604106	60381000052109
66604107	59881000052100
66604108	59861000052106
66604109	60691000052103
66604110	53611000052108
66604111	68581000052104
66604112	73171000052105
66627903	12881000202101
66627904	TMP-ynntmb
66632903	TMP-v2up8s
66632904	TMP-01ttmi
66632905	TMP-78io1g
66632906	TMP-s66p7u
66660003	TMP-uby38x
66728653	TMP-7t2h7j
66728654	500121000057102
66728656	TMP-eyxb4d
66728657	TMP-pcsk6s
66728658	TMP-lxvc1p
66741403	TMP-m3kffy
66741404	TMP-udg8m6
66741405	TMP-voj6uv
66741406	TMP-vzehwy
66741407	TMP-sakk31
66741409	TMP-qmc8vt
66758054	41001000108
66821453	62181000052107
66821454	12881000202101
66826953	23911000202104
66839003	23911000202104
66839005	12711000202103
66839006	TMP-mrky4p
66839007	23921000202107
66839008	TMP-hh7f9j
6708174	61000210102
6708177	TMP-s1h0yk
6708178	TMP-zg9722
6708181	TMP-pkitpe
6708183	TMP-q6ss0n
6708189	TMP-rx813o
6708191	TMP-yatewd
6708193	TMP-78eh3n
68239904	121000269108
68892703	723264001
69091153	23931000202109
69139403	23941000202103
69139404	23951000202100
69152153	61411000210102
69152154	23961000202102
69152155	23961000202102
69160703	TMP-8megcb
69383003	TMP-r3n1cs
69383004	TMP-q9t9dy
69383006	TMP-c05sjg
69436604	672381000189106
69436606	TMP-zn2k50
70418653	TMP-2269kx
70418654	TMP-bjufwm
70450456	672381000189106
70800803	TMP-xgf236
70800804	TMP-xv3kbf
7086155	11
7086157	TMP-cn6cym
7102183	12
7102184	13
7102188	TMP-3cihn0
7102189	TMP-gx4ldj
7102193	TMP-i0103m
7102196	723264001
7102197	TMP-c7rpi3
7102199	71000210108
7102200	TMP-k4912j
71170953	12881000202101
71170954	23921000202107
71170955	23911000202104
71177253	23961000202102
71181103	23971000202106
71181104	23981000202108
71183204	23921000202107
71584153	27011000202108
71602003	TMP-zqevcf
71676304	TMP-aaf93f
72261004	TMP-k6cklc
72261005	TMP-9puhvi
72261006	TMP-60pfsf
72306962	TMP-62q0lh
72375903	TMP-hk9brx
72378554	TMP-9u5d2h
72378555	TMP-oqlyeg
72391753	TMP-vmi33c
72589654	TMP-qmc27x
72712153	450970008
72712155	TMP-tz78t3
72783156	72281000003108
72783158	721144007
72783159	721145008
72843204	5601000003101
72847903	TMP-z06ivy
73104353	TMP-wf521h
73211703	TMP-qjzurr
73614803	TMP-gbeddl
73614828	TMP-xswo2j
73614829	TMP-xswo2j
73614834	TMP-xswo2j
73705253	TMP-em9wh4
73747657	721000172106
73747658	561000172108
73747659	541000172109
73747660	551000172106
73747661	751000172100
73747662	731000172109
73747663	741000172102
73960553	72721000210100
73960554	72731000210103
73960555	TMP-2h23uk
73960556	2001000202104
73966503	72741000210106
73967453	72671000210109
73967455	72621000210105
73967456	72631000210107
73967457	72601000210102
73967458	72611000210100
73967459	72661000210103
73967460	72591000210107
73967462	72651000210101
73967464	72581000210105
73967465	72691000210108
73967466	72681000210106
73967467	72531000210106
73967468	72571000210108
73967469	72541000210103
73967470	72551000210100
73967471	72521000210109
73967472	72511000210104
73967473	72561000210102
73967474	72501000210101
73967475	72641000210104
73984003	1
73984034	5871000003109
73984036	TMP-41soh1
73984037	TMP-41soh1
74410404	TMP-fnpp9z
74410405	TMP-fnpp9z
74446153	TMP-90tfro
74446154	TMP-xp85ek
74446155	TMP-62rubw
74446156	1234567789
7456401	TMP-iqbkl7
7456402	TMP-v9ntph
7456403	TMP-ms1r98
7456404	TMP-329i3i
7456405	TMP-2yjpam
7456406	TMP-6j0ki6
7456407	TMP-5ffi88
7456408	14
7456409	10
7456411	15
7456412	16
7456413	100
7456414	TMP-2wuovl
7456415	TMP-pbnz0x
7456416	TMP-b0hp22
7456417	TMP-v86vhz
7456422	TMP-14kxsp
7456424	TMP-i2z0pd
7456425	TMP-ik8o2f
7456426	17
7456427	TMP-5eimh0
7456428	18
7456429	TMP-q8552c
7456430	TMP-b2puvd
7456431	TMP-2x6cq4
7456432	17
7456433	19
7456434	20
7456435	TMP-5okud8
7456437	TMP-3ufqh2
7456438	TMP-h0z6fi
7456439	TMP-hxps9v
7456440	TMP-x08prj
7456441	TMP-2835u8
7456442	TMP-5345an
7456443	21
7456444	TMP-gvi614
7456445	22
7456446	23
7456447	41000202104
7456448	TMP-btl81r
7456449	TMP-c14cjv
7456450	TMP-mr8b32
74602003	450970008
74627203	1234567789
74703053	14751000181109
74703804	723264001
75277453	TMP-sq8wjo
75279353	816080008
75279356	733990004
75279357	733991000
75279358	1119410008
7539151	TMP-fknov5
7539152	11000057107
7539153	TMP-5atezd
7539154	24
7539155	25
7539156	TMP-zk9pe9
7539157	TMP-xm4jdt
7539158	26
7539159	TMP-51mxq7
7539160	TMP-4ezi7g
7539162	TMP-apdiq2
7539163	27
7539164	TMP-5wfaoe
7539165	28
7539166	TMP-laoay3
7539167	29
7539168	30
7539169	TMP-f9i8jj
7539170	TMP-cpd8v7
7539171	TMP-qwp5q4
7539172	2018001
7539173	TMP-k2me0c
7539174	TMP-su936d
7539175	31
7539176	32
7539177	33
7539178	TMP-duloam
7539179	TMP-ce8hf6
7539180	TMP-m53m3k
7539182	TMP-y4w3ow
7539183	TMP-ohatvz
7539184	TMP-9za8ed
7539185	TMP-b9e51b
7539186	TMP-uacope
7539187	TMP-y7arhz
7539188	TMP-5otjcs
7539189	TMP-ebd6wo
7539190	TMP-dwz5wa
7539191	TMP-bd4j8v
7539192	TMP-203i74
7539194	TMP-edoz91
7539195	TMP-utinmj
7539196	TMP-g7w4nq
7539197	TMP-m81jbx
7539198	TMP-zqa2ln
7539199	34
7539200	34
75572816	47351000202107
75679104	TMP-gfxohz
75679105	113471000052100
75679106	113461000052109
75679107	103491000052103
75679108	894081003
75679109	787778008
7613452	TMP-6zxhpl
7613453	35
7613454	36
7613455	37
7614152	37
7614153	38
7614154	39
7614157	91000202106
76244054	TMP-v89uzr
7625301	261000210101
7625302	40
7625303	41
7625304	Pedi R Airways
7625305	41000057106
7625310	TMP-3ww9ua
7625313	251000210104
7625314	241000210102
7625316	61000210102
7625318	TMP-822fjs
7625319	71000210108
7625321	557481000005101
7625322	557491000005103
7625323	51000057108
7625328	TMP-th2qv8
7625329	TMP-25ciim
7625330	TMP-58juxe
7625332	101000210108
7625333	121000210100
7625344	TMP-9ymsb0
76264353	TMP-0kb7ew
76264354	10011000234109
76267603	47351000202107
76267604	61231000210108
76267605	351000210106
76267606	72671000210109
76267607	421000210109
76267608	61241000210100
76267609	91000210107
76267610	61251000210102
76267611	191000210102
76267612	241000210102
76267613	471000210108
76267614	61271000210105
76267615	61281000210107
76267616	61291000210109
76267617	261000210101
76267618	61261000210104
76267619	61000210102
76267620	71000210108
76267621	321000210102
76267622	141000210106
76267623	181000210104
76267624	131000210103
76267625	101000210108
76267626	451000210100
76267627	461000210102
76267628	501000210102
76267629	72621000210105
76267630	72631000210107
76267631	72601000210102
76267632	72611000210100
76267633	72661000210103
76267634	72591000210107
76267635	72581000210105
76267636	72571000210108
76267637	72541000210103
76267638	72531000210106
76267639	72511000210104
76267640	72501000210101
76267641	72561000210102
76267642	72641000210104
76267643	391000210104
76267644	50931000210104
76267645	72691000210108
76267646	72681000210106
76267647	251000210104
76267648	50941000210107
76267649	72551000210100
76267650	72521000210109
76267651	121000210100
76267652	481000210105
76745303	72731000210103
76745304	51000210100
76745305	72741000210106
76745306	441000210103
76745307	72721000210100
76745308	72651000210101
76973304	TMP-1jgc4e
76973305	TMP-9jie96
77024206	TMP-veq46o
77024212	TMP-eayyyh
77024213	113481000052103
77271203	1157358007
77271204	TMP-x0kedu
77271205	CT-angiography
77301955	841000220107
77301956	1531000220102
77301958	1541000220106
77301959	1551000220108
77301961	TMP-19y4p4
77301962	TMP-1ajkkz
77301963	TMP-90v5n0
77373553	TMP-io13xe
77373554	76941000003107
77373556	TMP-w5mqhi
77373558	76981000003100
77485803	77091000003102
77485804	997321000189101
77485805	997331000189104
77485806	997341000189105
78115553	TMP-h0y61m
78115554	TMP-z1njm1
78115555	1000001000202102
78115556	1000001000202102
78115557	1157358007
79413103	821000220101
79413104	1561000220105
79413105	811000220108
79413106	831000220103
79491766	TMP-rl33x0
79583403	TMP-6yd53z
79620953	TMP-aam9sz
79620954	TMP-l4py9c
79620955	TMP-uoomjs
79620956	TMP-8c9hgn
79620957	TMP-tkaxki
79620958	TMP-k02sfw
79620959	TMP-dynmmx
79620960	TMP-ehlixx
79620961	TMP-pcd8kk
79620962	TMP-dx2n8w
79620963	TMP-n0blxo
79620964	TMP-z375df
79916153	TMP-gcr1vi
79916154	78931000003103
79920403	78951000003109
79920404	78991000003102
79934903	TMP-4jibq2
79934904	TMP-fvleb3
79934905	TMP-vmp2fk
79938553	TMP-4vuto3
79938554	TMP-ify27u
79938555	TMP-n9s10d
80003103	TMP-qr66at
80003104	TMP-5ced9u
80003105	TMP-j76l1u
80003107	TMP-phoqiw
80003108	TMP-n9ugkt
80003109	TMP-xcicaa
80003110	TMP-zjjgts
80003111	TMP-wn5sqg
80003112	TMP-76jblp
80003115	TMP-6aj1hw
80003116	TMP-jty4pt
80003117	TMP-zy6wk1
80003118	TMP-al3e05
80003119	500221000057105
80003120	TMP-p7mhoz
80098803	TMP-7kh0ae
80098804	TMP-6lwrwx
80098807	TMP-r0lus5
80098808	TMP-mezjoa
80098809	79591000003101
80098810	79601000003106
80193803	TMP-m4tdlm
80210553	TMP-8tt02c
80210554	TMP-gmd7mk
80210555	TMP-l0ew73
80210556	TMP-y26911
8433606	721144007
8433608	51000210100
8449907	1
8449908	2
8533256	261000210101
8533260	121000210100
8533261	251000210104
8533262	81000210105
8533263	241000210102
8533267	51000210100
8533290	TMP-dvgbh4
8533296	450970008
8533297	733990004
8533300	733991000
8616007	450970008
8616008	733991000
8616009	733990004
8616015	161000202106
8616018	171000202102
8616019	481000202109
8616029	721144007
8616031	733990004
8616032	733991000
8795002	721145008
8795006	TMP-fx8yt3
8795008	321000210102
8795011	61000057105
8795012	450970008
8795014	TMP-h7yqyr
8795017	TMP-hjd7u0
8795018	TMP-r9prz9
8795019	67
8795021	71000057100
8795025	TMP-2rfqji
8795026	TMP-u5vvak
8795027	61000210102
8795028	51000210100
8795031	TMP-zx3z5o
8795032	TMP-jpoxvu
8795033	91000210107
8795035	TMP-dh9h4x
8795036	TMP-00xgxd
8795037	TMP-0nsjki
8795038	TMP-c87t5u
8795039	TMP-lgqyah
8795040	TMP-w806nq
8795041	TMP-ckevu4
8795042	TMP-snkyqu
8795043	TMP-1nrmfb
8795045	TMP-i2drd7
8795046	TMP-1mdnik
8795047	221000202107
9031206	1171000189103
9031228	81000057102
9031229	723264001
9031232	TMP-5qeptv
9031235	TMP-dlvufv
9031236	2231000189101
9031237	23671000087102
9031238	100000
9031239	951000003107
9229001	TMP-4hygfd
9229003	971000003104
9229004	TMP-6gd6x6
9229005	2.16.840.1.113883.2.20.3.210
9229006	TMP-02b1gb
9423852	1001000003108
9423854	TMP-9u5v79
9423855	2.16.840.1.113883.2.20.3.210
9423856	23671000087102
9423857	TMP-2hzsgq
9423861	TMP-5djocd
9423863	TMP-i3qwu9
9423867	1011000003105
9423868	Z01
9423872	712768323948
9423875	TMP-4p4144
9423876	TMP-j0jfhm
9423879	471000202107
9423880	TMP-j7uqzl
9423883	TMP-xu7ux9
9423885	TMP-5mjt4a
9423886	abc
9423887	2.16.840.1.113883.2.20.3.208
9423889	1041000003106
9423890	1041000003106
9423894	1061000003107
9423895	TMP-tgw9p0
9423896	TMP-7g15p7
9423897	TMP-86pobz
9423898	TMP-m5mx9u
9423899	TMP-mzi157
9423900	TMP-ra9ivt
9520951	TMP-jb8l72
9520952	TMP-ahzk06
9520953	TMP-86jfa5
9520954	TMP-4v5suh
9520955	TMP-5swjer
9520956	TMP-f5d1rs
9520958	261000202102
9520959	281000202108
9520960	271000202106
9520961	TMP-rgikte
9520962	TMP-j9uq6h
9520963	TMP-82eme8
9520964	TMP-uvv9do
9520966	TMP-6xrlab
9520967	TMP-c9l9me
9520968	TMP-74ukn1
9520974	321000210102
9520975	71000210108
9571251	421000210109
9571252	351000210106
9571255	TMP-bpi7jy
9571277	391000210104
9571281	198907
9571283	TMP-wyyn1u
9571284	611000202102
9571285	TMP-rdnf48
9571286	TMP-ywmz19
9571287	TMP-k46sor
9571288	TMP-5sjsw4
9571290	TMP-pu1t79
9571291	TMP-7boxqh
9571292	TMP-qq5zw0
9571296	TMP-j6vwli
9571298	TMP-mthidn
9571299	TMP-6llpeg
9571300	23645832341
9726351	TMP-g1kdi7
9728956	TMP-ifign5
9728957	TMP-mpwfx5
9728969	TMP-s7h9oo
9793612	TMP-zi57by
9822201	721144007
9822203	721145008
9822204	733990004
9822206	733991000
9822208	999
9822209	900
9829551	31000220100
9829558	456847345
9829560	34575779
9829563	467345
9829564	TMP-mtvs6x
9829565	TMP-l4iewb
9829567	TMP-njvke0
9829568	9345834
9829570	TMP-dmlafg
9829572	TMP-v8dtkk
9829574	TMP-remqbo
9829575	TMP-50zbhk
9829576	TMP-ht17kd
9829577	TMP-730obt
9829578	TMP-2yb5vs
9829579	TMP-8cqscb
9829580	TMP-f2s0o6
9829581	TMP-zkjl47
9829582	TMP-h0snwp
9829584	450970008
9829586	TMP-uptrfs
9829588	7835234
9829590	Translation Test
